111111111111 11111111111111111111
100000000011S1000100000000001111
100000000010001000100000011100001
100011000010001000100000011100001
100100000010001000100000011100001
100000000010001000100000000000001 
100000000010001000100000011100001
100000000001110000000000000000001
100001000010001000100000011100001
100000000010001001100000010100001
100000000010001000100000011100001
100001000010001000100000011100001
100000000010001000100000011100001
100000010010001000100000011100001
100000000010001000100000011100001
111111111111111111111111111111111